SIZE 36
SOLVE_TIME_SEC 0.013286
METHOD Optimized_Backtracking
STATUS SOLVED
SOLUTION
12 15 23 11 21 14 10 31 32 4 7 18 19 22 36 9 24 5 34 13 33 1 29 2 26 6 3 30 35 17 28 27 8 20 25 16
34 29 2 1 13 33 12 21 15 11 23 14 20 25 8 16 28 27 10 31 18 4 32 7 9 36 19 5 22 24 17 30 6 3 35 26
10 32 7 4 31 18 34 13 29 1 2 33 3 35 6 26 17 30 12 21 14 11 15 23 16 8 20 27 25 28 24 5 36 19 22 9
5 9 36 19 24 22 30 17 26 3 6 35 1 33 2 29 13 34 27 28 25 20 16 8 15 23 11 12 14 21 31 10 7 4 18 32
30 26 6 3 17 35 27 28 16 20 8 25 11 14 23 15 21 12 5 24 22 19 9 36 32 7 4 10 18 31 13 34 2 1 33 29
27 16 8 20 28 25 5 24 9 19 36 22 4 18 7 32 31 10 30 17 35 3 26 6 29 2 1 34 33 13 21 12 23 11 14 15
25 20 28 27 16 7 22 9 19 5 24 2 10 6 31 4 32 18 35 26 23 30 3 17 1 13 34 33 8 29 15 14 21 12 36 11
14 11 21 12 15 36 18 32 4 10 31 6 5 2 24 19 9 22 33 29 8 34 1 13 3 17 30 35 23 26 16 25 28 27 7 20
18 4 31 10 32 6 33 29 1 34 13 8 30 23 17 3 26 35 14 15 36 12 11 21 20 28 27 25 7 16 9 22 24 5 2 19
33 1 13 34 29 8 14 15 11 12 21 36 27 7 28 20 16 25 18 32 6 10 4 31 19 24 5 22 2 9 26 35 17 30 23 3
35 3 17 30 26 23 25 16 20 27 28 7 12 36 21 11 15 14 22 9 2 5 19 24 4 31 10 18 6 32 29 33 13 34 8 1
22 19 24 5 9 2 35 26 3 30 17 23 34 8 13 1 29 33 25 16 7 27 20 28 11 21 12 14 36 15 32 18 31 10 6 4
8 34 29 33 1 28 36 11 12 14 15 24 25 31 16 27 20 7 6 4 17 18 10 32 5 9 22 2 13 19 3 23 26 35 21 30
2 5 9 22 19 13 23 3 30 35 26 21 33 28 29 34 1 8 7 20 31 25 27 16 12 15 14 36 24 11 4 6 32 18 17 10
36 12 15 14 11 24 6 4 10 18 32 17 22 13 9 5 19 2 8 1 28 33 34 29 30 26 35 23 21 3 20 7 16 25 31 27
23 30 26 35 3 21 7 20 27 25 16 31 14 24 15 12 11 36 2 19 13 22 5 9 10 32 18 6 17 4 1 8 29 33 28 34
6 10 32 18 4 17 8 1 34 33 29 28 35 21 26 30 3 23 36 11 24 14 12 15 27 16 25 7 31 20 19 2 9 22 13 5
7 27 16 25 20 31 2 19 5 22 9 13 18 17 32 10 4 6 23 3 21 35 30 26 34 29 33 8 28 1 11 36 15 14 24 12
16 8 34 28 33 20 9 14 36 24 12 19 31 4 27 7 25 32 26 18 3 17 6 10 2 5 13 29 1 22 35 15 30 21 11 23
29 2 5 13 22 1 15 35 23 21 30 11 28 20 34 8 33 16 32 25 4 31 7 27 36 12 24 9 19 14 18 26 10 17 3 6
26 6 10 17 18 3 16 33 8 28 34 20 21 11 30 23 35 15 9 14 19 24 36 12 7 27 31 32 4 25 22 29 5 13 1 2
32 7 27 31 25 4 29 22 2 13 5 1 17 3 10 6 18 26 15 35 11 21 23 30 8 34 28 16 20 33 14 9 12 24 19 36
9 36 12 24 14 19 26 18 6 17 10 3 13 1 5 2 22 29 16 33 20 28 8 34 23 30 21 15 11 35 25 32 27 31 4 7
15 23 30 21 35 11 32 25 7 31 27 4 24 19 12 36 14 9 29 22 1 13 2 5 6 10 17 26 3 18 33 16 34 28 20 8
3 17 18 26 6 30 11 8 28 16 33 27 15 12 35 21 23 20 19 36 5 9 24 14 31 25 32 4 10 7 2 1 22 29 34 13
4 31 25 32 7 10 1 2 13 29 22 34 26 30 18 17 6 3 11 23 12 15 21 35 28 33 16 20 27 8 36 19 14 9 5 24
1 13 22 29 2 34 20 23 21 15 35 12 16 27 33 28 8 11 4 7 10 32 31 25 24 14 9 19 5 36 6 3 18 26 30 17
19 24 14 9 36 5 3 6 17 26 18 30 29 34 22 13 2 1 20 8 27 16 28 33 21 35 15 11 12 23 7 4 25 32 10 31
11 21 35 15 23 12 4 7 31 32 25 10 9 5 14 24 36 19 1 2 34 29 13 22 17 18 26 3 30 6 8 20 33 16 27 28
20 28 33 16 8 27 19 36 24 9 14 5 32 10 25 31 7 4 3 6 30 26 17 18 13 22 29 1 34 2 23 11 35 15 12 21
28 33 1 8 34 16 24 12 14 36 11 9 7 32 20 25 27 31 17 10 26 6 18 4 22 19 2 13 29 5 30 21 3 23 15 35
21 35 3 23 30 15 31 27 25 7 20 32 36 9 11 14 12 24 13 5 29 2 22 19 18 4 6 17 26 10 34 28 1 8 16 33
13 22 19 2 5 29 21 30 35 23 3 15 8 16 1 33 34 28 31 27 32 7 25 20 14 11 36 24 9 12 10 17 4 6 26 18
24 14 11 36 12 9 17 10 18 6 4 26 2 29 19 22 5 13 28 34 16 8 33 1 35 3 23 21 15 30 27 31 20 7 32 25
31 25 20 7 27 32 13 5 22 2 19 29 6 26 4 18 10 17 21 30 15 23 35 3 33 1 8 28 16 34 12 24 11 36 9 14
17 18 4 6 10 26 28 34 33 8 1 16 23 15 3 35 30 21 24 12 9 36 14 11 25 20 7 31 32 27 5 13 19 2 29 22
