SIZE 16
SOLVE_TIME_SEC 0.001437
METHOD Optimized_Backtracking
STATUS SOLVED
SOLUTION
1 8 15 4 16 10 13 3 2 12 6 9 7 14 5 11
7 11 5 14 6 12 9 2 1 15 8 4 3 13 10 16
3 16 10 13 8 15 4 1 7 5 11 14 2 9 12 6
2 6 12 9 11 5 14 7 3 10 16 13 1 4 15 8
10 7 14 11 2 9 6 15 5 4 1 8 12 16 13 3
12 3 13 16 1 4 8 5 10 14 7 11 15 6 9 2
5 1 4 8 3 13 16 12 15 9 2 6 10 11 14 7
15 2 9 6 7 14 11 10 12 13 3 16 5 8 4 1
13 10 11 7 15 6 2 4 14 8 5 1 9 3 16 12
14 5 8 1 12 16 3 9 4 6 15 2 13 7 11 10
9 12 16 3 5 8 1 14 13 11 10 7 4 2 6 15
4 15 6 2 10 11 7 13 9 16 12 3 14 1 8 5
11 14 1 5 9 3 12 6 8 2 4 15 16 10 7 13
6 4 2 15 13 7 10 16 11 3 9 12 8 5 1 14
8 9 3 12 14 1 5 11 16 7 13 10 6 15 2 4
16 13 7 10 4 2 15 8 6 1 14 5 11 12 3 9
