SIZE 36
SOLVE_TIME_SEC 0.016231
METHOD Optimized_Backtracking
STATUS SOLVED
SOLUTION
24 9 6 31 22 15 10 36 20 21 13 30 11 2 25 35 14 27 18 33 23 29 16 17 4 28 19 26 3 7 34 32 5 8 12 1
4 19 7 28 3 26 11 2 14 35 25 27 15 31 22 9 6 24 20 30 36 13 10 21 12 32 8 34 1 5 16 23 18 17 33 29
27 35 14 2 25 11 16 23 18 17 29 33 10 36 13 21 20 30 5 12 32 1 34 8 24 31 9 15 22 6 26 28 7 19 4 3
33 17 18 23 29 16 26 28 7 19 3 4 34 32 1 8 5 12 6 24 31 22 15 9 30 36 21 10 13 20 11 2 14 35 27 25
30 21 20 36 13 10 34 32 5 8 1 12 16 23 29 17 18 33 7 4 28 3 26 19 27 2 35 11 25 14 15 31 6 9 24 22
12 8 5 32 1 34 15 31 6 9 22 24 26 28 3 19 7 4 14 27 2 25 11 35 33 23 17 16 29 18 10 36 20 21 30 13
29 30 21 20 10 36 32 5 8 12 34 3 23 18 16 33 17 1 19 22 7 26 28 4 13 14 27 2 11 35 31 6 9 24 25 15
3 12 8 5 34 32 31 6 9 24 15 25 28 7 26 4 19 22 35 13 14 11 2 27 1 18 33 23 16 17 36 20 21 30 29 10
25 24 9 6 15 31 36 20 21 30 10 29 2 14 11 27 35 13 17 1 18 16 23 33 22 7 4 28 26 19 32 5 8 12 3 34
1 33 17 18 16 23 28 7 19 4 26 22 32 5 34 12 8 3 9 25 6 15 31 24 29 20 30 36 10 21 2 14 35 27 13 11
22 4 19 7 26 28 2 14 35 27 11 13 31 6 15 24 9 25 21 29 20 10 36 30 3 5 12 32 34 8 23 18 17 33 1 16
13 27 35 14 11 2 23 18 17 33 16 1 36 20 10 30 21 29 8 3 5 34 32 12 25 6 24 31 15 9 28 7 19 4 22 26
16 29 30 21 36 20 5 8 12 3 32 26 18 17 23 1 33 34 4 15 19 28 7 22 10 35 13 14 2 27 6 9 24 25 11 31
15 22 4 19 28 7 14 35 27 13 2 10 6 9 31 25 24 11 30 16 21 36 20 29 26 8 3 5 32 12 18 17 33 1 34 23
26 3 12 8 32 5 6 9 24 25 31 11 7 19 28 22 4 15 27 10 35 2 14 13 34 17 1 18 23 33 20 21 30 29 16 36
10 13 27 35 2 14 18 17 33 1 23 34 20 21 36 29 30 16 12 26 8 32 5 3 11 9 25 6 31 24 7 19 4 22 15 28
11 25 24 9 31 6 20 21 30 29 36 16 14 35 2 13 27 10 33 34 17 23 18 1 15 19 22 7 28 4 5 8 12 3 26 32
34 1 33 17 23 18 7 19 4 22 28 15 5 8 32 3 12 26 24 11 9 31 6 25 16 21 29 20 36 30 14 35 27 13 10 2
36 10 13 27 14 35 17 33 1 34 18 32 21 30 20 16 29 23 3 28 12 5 8 26 2 24 11 9 6 25 19 4 22 15 31 7
28 26 3 12 5 8 9 24 25 11 6 2 19 4 7 15 22 31 13 36 27 14 35 10 32 33 34 17 18 1 21 30 29 16 23 20
2 11 25 24 6 9 21 30 29 16 20 23 35 27 14 10 13 36 1 32 33 18 17 34 31 4 15 19 7 22 8 12 3 26 28 5
32 34 1 33 18 17 19 4 22 15 7 31 8 12 5 26 3 28 25 2 24 6 9 11 23 30 16 21 20 29 35 27 13 10 36 14
31 15 22 4 7 19 35 27 13 10 14 36 9 24 6 11 25 2 29 23 30 20 21 16 28 12 26 8 5 3 17 33 1 34 32 18
23 16 29 30 20 21 8 12 3 26 5 28 17 33 18 34 1 32 22 31 4 7 19 15 36 27 10 35 14 13 9 24 25 11 2 6
17 18 23 16 30 29 3 26 28 7 12 19 1 34 33 5 32 8 31 9 15 4 22 6 21 10 20 13 27 36 25 11 2 14 35 24
8 5 32 34 33 1 22 15 31 6 4 9 3 26 12 7 28 19 2 35 11 24 25 14 17 16 18 29 30 23 13 10 36 20 21 27
35 14 2 11 24 25 29 16 23 18 30 17 13 10 27 20 36 21 32 8 34 33 1 5 9 15 6 22 4 31 3 26 28 7 19 12
9 6 31 15 4 22 13 10 36 20 27 21 25 11 24 14 2 35 23 17 16 30 29 18 19 26 7 3 12 28 1 34 32 5 8 33
19 7 28 26 12 3 25 11 2 14 24 35 22 15 4 6 31 9 36 21 10 27 13 20 8 34 5 1 33 32 29 16 23 18 17 30
21 20 36 10 27 13 1 34 32 5 33 8 29 16 30 18 23 17 28 19 26 12 3 7 35 11 14 25 24 2 22 15 31 6 9 4
18 23 16 29 21 30 12 3 26 28 8 7 33 1 17 32 34 5 15 6 22 19 4 31 20 13 36 27 35 10 24 25 11 2 14 9
14 2 11 25 9 24 30 29 16 23 21 18 27 13 35 36 10 20 34 5 1 17 33 32 6 22 31 4 19 15 12 3 26 28 7 8
6 31 15 22 19 4 27 13 10 36 35 20 24 25 9 2 11 14 16 18 29 21 30 23 7 3 28 12 8 26 33 1 34 32 5 17
7 28 26 3 8 12 24 25 11 2 9 14 4 22 19 31 15 6 10 20 13 35 27 36 5 1 32 33 17 34 30 29 16 23 18 21
5 32 34 1 17 33 4 22 15 31 19 6 12 3 8 28 26 7 11 14 25 9 24 2 18 29 23 30 21 16 27 13 10 36 20 35
20 36 10 13 35 27 33 1 34 32 17 5 30 29 21 23 16 18 26 7 3 8 12 28 14 25 2 24 9 11 4 22 15 31 6 19
