SIZE 16
SOLVE_TIME_SEC 0.001230
METHOD Optimized_Backtracking
STATUS SOLVED
SOLUTION
11 3 1 12 15 6 5 8 9 2 16 13 7 10 14 4
6 15 5 8 10 4 7 14 1 12 11 3 9 13 2 16
4 10 7 14 13 16 9 2 5 8 6 15 1 3 12 11
16 13 9 2 3 11 1 12 7 14 4 10 5 15 8 6
9 12 11 13 8 1 6 3 16 10 7 2 4 14 15 5
1 8 6 3 14 5 4 15 11 13 9 12 16 2 10 7
5 14 4 15 2 7 16 10 6 3 1 8 11 12 13 9
7 2 16 10 12 9 11 13 4 15 5 14 6 8 3 1
2 11 13 9 6 12 3 1 10 7 14 16 15 4 5 8
14 16 10 7 11 2 13 9 15 5 8 4 3 6 1 12
12 6 3 1 4 8 15 5 13 9 2 11 10 16 7 14
8 4 15 5 16 14 10 7 3 1 12 6 13 11 9 2
3 5 8 6 7 15 14 4 12 11 13 1 2 9 16 10
13 1 12 11 5 3 8 6 2 16 10 9 14 7 4 15
15 7 14 4 9 10 2 16 8 6 3 5 12 1 11 13
10 9 2 16 1 13 12 11 14 4 15 7 8 5 6 3
