SIZE 25
SOLVE_TIME_SEC 0.007470
METHOD Optimized_Backtracking
STATUS SOLVED
SOLUTION
10 3 19 25 12 21 22 17 4 24 14 16 1 20 23 8 7 18 6 15 9 11 5 2 13
1 16 20 23 14 18 7 8 6 15 22 24 4 21 17 9 13 11 2 5 25 19 3 10 12
2 5 11 9 13 20 14 23 1 16 12 3 10 19 25 17 22 21 4 24 8 18 15 6 7
6 15 18 8 7 19 12 25 10 3 13 5 2 11 9 23 14 20 1 16 17 21 24 4 22
4 24 21 17 22 11 13 9 2 5 7 15 6 18 8 25 12 19 10 3 23 20 16 1 14
11 9 13 2 24 14 5 1 20 23 15 25 19 12 10 4 3 22 21 17 6 7 8 18 16
20 23 14 1 5 7 16 6 18 8 3 17 21 22 4 2 24 13 11 9 10 12 25 19 15
21 17 22 4 3 13 24 2 11 9 16 8 18 7 6 10 15 12 19 25 1 14 23 20 5
18 8 7 6 16 12 15 10 19 25 24 9 11 13 2 1 5 14 20 23 4 22 17 21 3
19 25 12 10 15 22 3 4 21 17 5 23 20 14 1 6 16 7 18 8 2 13 9 11 24
24 11 17 13 4 9 2 14 5 20 6 19 15 8 12 22 10 25 3 21 7 23 18 16 1
5 20 9 14 2 23 1 7 16 18 10 21 3 25 22 13 4 17 24 11 12 8 19 15 6
16 18 23 7 1 8 6 12 15 19 4 11 24 17 13 14 2 9 5 20 22 25 21 3 10
15 19 8 12 6 25 10 22 3 21 2 20 5 9 14 7 1 23 16 18 13 17 11 24 4
3 21 25 22 10 17 4 13 24 11 1 18 16 23 7 12 6 8 15 19 14 9 20 5 2
17 13 4 24 21 2 11 5 9 14 18 12 8 6 15 3 19 10 25 22 16 1 7 23 20
9 14 2 5 11 1 20 16 23 7 19 22 25 10 3 24 21 4 17 13 15 6 12 8 18
23 7 1 16 20 6 18 15 8 12 21 13 17 4 24 5 11 2 9 14 3 10 22 25 19
25 22 10 3 19 4 21 24 17 13 20 7 23 1 16 15 18 6 8 12 5 2 14 9 11
8 12 6 15 18 10 19 3 25 22 11 14 9 2 5 16 20 1 23 7 24 4 13 17 21
12 10 15 19 8 3 25 21 22 4 9 1 14 5 20 18 23 16 7 6 11 24 2 13 17
13 2 24 11 17 5 9 20 14 1 8 10 12 15 19 21 25 3 22 4 18 16 6 7 23
22 4 3 21 25 24 17 11 13 2 23 6 7 16 18 19 8 15 12 10 20 5 1 14 9
7 6 16 18 23 15 8 19 12 10 17 2 13 24 11 20 9 5 14 1 21 3 4 22 25
14 1 5 20 9 16 23 18 7 6 25 4 22 3 21 11 17 24 13 2 19 15 10 12 8
