SIZE 25
SOLVE_TIME_SEC 0.006052
METHOD Optimized_Backtracking
STATUS SOLVED
SOLUTION
6 7 12 11 21 19 20 13 10 14 16 22 9 5 2 1 24 17 23 18 3 15 25 4 8
5 22 9 2 16 4 25 15 3 8 10 13 19 20 14 6 21 7 11 12 24 17 1 18 23
1 17 18 23 24 9 5 22 16 2 21 7 12 6 11 25 3 15 8 4 10 13 20 19 14
25 15 4 8 3 12 6 7 21 11 24 17 18 1 23 20 10 13 14 19 16 22 5 9 2
20 13 19 14 10 18 1 17 24 23 3 15 4 25 8 5 16 22 2 9 21 7 6 12 11
9 2 10 5 22 24 4 8 15 25 13 14 3 19 20 12 7 11 6 16 17 23 18 21 1
4 8 24 25 15 16 12 11 7 6 17 23 21 18 1 19 13 14 20 3 22 2 9 10 5
18 23 21 1 17 10 9 2 22 5 7 11 16 12 6 4 15 8 25 24 13 14 19 3 20
12 11 16 6 7 3 19 14 13 20 22 2 10 9 5 18 17 23 1 21 15 8 4 24 25
19 14 3 20 13 21 18 23 17 1 15 8 24 4 25 9 22 2 5 10 7 11 12 16 6
24 25 17 4 8 22 16 6 11 12 23 1 7 21 18 3 14 20 19 15 2 5 10 13 9
3 20 15 19 14 7 21 1 23 18 8 25 17 24 4 10 2 5 9 13 11 6 16 22 12
21 1 7 18 23 13 10 5 2 9 11 6 22 16 12 24 8 25 4 17 14 20 3 15 19
10 5 13 9 2 17 24 25 8 4 14 20 15 3 19 16 11 6 12 22 23 1 21 7 18
16 6 22 12 11 15 3 20 14 19 2 5 13 10 9 21 23 1 18 7 8 25 24 17 4
7 18 11 21 1 14 13 9 5 10 6 12 2 22 16 17 25 4 24 23 20 19 15 8 3
13 9 14 10 5 23 17 4 25 24 20 19 8 15 3 22 6 12 16 2 1 18 7 11 21
22 12 2 16 6 8 15 19 20 3 5 9 14 13 10 7 1 18 21 11 25 4 17 23 24
17 4 23 24 25 2 22 12 6 16 1 18 11 7 21 15 20 19 3 8 5 9 13 14 10
15 19 8 3 20 11 7 18 1 21 25 4 23 17 24 13 5 9 10 14 6 12 22 2 16
11 21 6 7 18 20 14 10 9 13 12 16 5 2 22 23 4 24 17 1 19 3 8 25 15
23 24 1 17 4 5 2 16 12 22 18 21 6 11 7 8 19 3 15 25 9 10 14 20 13
2 16 5 22 12 25 8 3 19 15 9 10 20 14 13 11 18 21 7 6 4 24 23 1 17
8 3 25 15 19 6 11 21 18 7 4 24 1 23 17 14 9 10 13 20 12 16 2 5 22
14 10 20 13 9 1 23 24 4 17 19 3 25 8 15 2 12 16 22 5 18 21 11 6 7
