SIZE 25
SOLVE_TIME_SEC 0.025578
METHOD Optimized_Backtracking
STATUS SOLVED
SOLUTION
17 10 20 8 23 24 1 18 15 7 9 14 3 2 16 21 5 11 22 6 12 19 13 25 4
14 9 16 3 2 10 8 23 20 17 25 13 4 19 12 1 15 18 24 7 5 11 6 22 21
7 24 15 1 18 22 21 11 5 6 10 17 8 23 20 4 12 19 25 13 16 2 14 9 3
6 22 5 21 11 25 4 19 12 13 24 7 1 18 15 3 16 2 9 14 20 23 17 10 8
13 25 12 4 19 9 3 2 16 14 22 6 21 11 5 8 20 23 10 17 15 18 7 24 1
10 16 8 23 14 20 18 17 1 24 12 9 2 13 3 11 21 7 15 22 4 6 25 5 19
24 20 1 18 17 15 11 7 21 22 16 10 23 14 8 19 4 6 5 25 3 13 9 12 2
9 12 3 2 13 16 23 14 8 10 5 25 19 6 4 18 1 17 20 24 21 7 22 15 11
25 5 4 19 6 12 2 13 3 9 15 22 11 7 21 23 8 14 16 10 1 17 24 20 18
22 15 21 11 7 5 19 6 4 25 20 24 18 17 1 2 3 13 12 9 8 14 10 16 23
18 17 24 20 8 7 15 1 22 11 14 23 16 3 10 5 25 21 6 19 9 4 2 13 12
2 13 9 12 4 14 16 3 10 23 6 19 5 21 25 20 24 8 17 18 22 1 11 7 15
19 6 25 5 21 13 12 4 9 2 7 11 15 1 22 16 10 3 14 23 24 8 18 17 20
23 14 10 16 3 17 20 8 24 18 13 2 12 4 9 15 22 1 7 11 25 21 19 6 5
11 7 22 15 1 6 5 21 25 19 17 18 20 8 24 12 9 4 13 2 10 3 23 14 16
1 18 7 24 20 11 22 15 6 21 23 8 10 16 17 25 13 5 19 4 14 12 3 2 9
21 11 6 22 15 19 25 5 13 4 18 1 24 20 7 9 14 12 2 3 17 16 8 23 10
4 19 13 25 5 2 24 12 14 3 11 21 9 15 6 10 17 16 23 8 7 20 1 18 22
3 2 14 9 12 23 10 16 17 8 19 4 25 5 13 22 7 20 18 1 6 15 21 11 24
8 23 17 10 16 18 9 20 7 1 2 3 22 12 14 24 6 15 11 21 13 5 4 19 25
5 21 19 6 22 4 13 25 2 12 1 15 7 24 11 14 23 9 3 16 18 10 20 8 17
12 4 2 13 25 3 14 9 23 16 21 5 6 22 19 17 18 10 8 20 11 24 15 1 7
20 8 18 17 10 1 7 24 11 15 3 16 14 9 23 6 19 22 21 5 2 25 12 4 13
16 3 23 14 9 8 17 10 18 20 4 12 13 25 2 7 11 24 1 15 19 22 5 21 6
15 1 11 7 24 21 6 22 19 5 8 20 17 10 18 13 2 25 4 12 23 9 16 3 14
