SIZE 16
SOLVE_TIME_SEC 0.000684
METHOD Optimized_Backtracking
STATUS SOLVED
SOLUTION
13 12 11 7 4 8 14 3 2 9 5 6 10 15 16 1
3 14 4 8 11 7 12 13 1 16 10 15 5 6 9 2
6 5 2 9 1 16 10 15 4 8 14 3 12 13 7 11
15 10 1 16 2 9 5 6 11 7 12 13 14 3 8 4
4 15 16 10 9 5 6 11 7 12 13 1 3 2 14 8
1 13 7 12 8 14 3 2 9 5 6 11 15 4 10 16
2 3 8 14 7 12 13 1 16 10 15 4 6 11 5 9
11 6 9 5 16 10 15 4 8 14 3 2 13 1 12 7
8 4 10 15 5 6 11 7 12 13 1 16 2 9 3 14
7 11 5 6 10 15 4 8 14 3 2 9 1 16 13 12
16 1 12 13 14 3 2 9 5 6 11 7 4 8 15 10
9 2 14 3 12 13 1 16 10 15 4 8 11 7 6 5
12 7 6 11 15 4 8 14 3 2 9 10 16 5 1 13
5 9 3 2 13 1 16 10 15 4 8 14 7 12 11 6
10 16 13 1 3 2 9 5 6 11 7 12 8 14 4 15
14 8 15 4 6 11 7 12 13 1 16 5 9 10 2 3
