SIZE 36
SOLVE_TIME_SEC 0.011875
METHOD Optimized_Backtracking
STATUS SOLVED
SOLUTION
2 30 8 5 20 3 12 31 28 22 27 21 26 17 34 1 36 18 13 29 25 15 35 19 14 6 9 24 32 7 11 16 10 23 33 4
27 28 21 31 22 12 6 9 32 7 14 24 19 29 25 15 13 35 23 11 10 33 4 16 2 3 5 8 30 20 17 26 34 36 1 18
34 1 36 17 18 26 19 29 15 35 25 13 3 5 2 30 8 20 21 31 27 28 22 12 10 16 11 23 33 4 9 6 14 24 32 7
25 15 13 29 35 19 16 11 33 4 10 23 12 31 27 28 21 22 24 9 14 32 7 6 34 26 17 36 1 18 5 3 2 8 30 20
14 32 24 9 7 6 3 5 30 20 2 8 16 11 10 33 23 4 36 17 34 1 18 26 27 12 31 21 28 22 29 19 25 13 15 35
10 33 23 11 4 16 26 17 1 18 34 36 6 9 14 32 24 7 8 5 2 30 20 3 25 19 29 13 15 35 31 12 27 21 28 22
32 35 6 13 25 29 11 23 4 10 30 3 31 21 33 22 16 27 26 24 1 7 14 9 28 17 36 12 18 34 8 5 15 19 20 2
30 4 3 23 10 11 17 36 18 34 28 12 9 24 1 7 26 14 19 8 15 20 2 5 32 29 13 6 35 25 21 31 33 16 22 27
33 22 16 21 27 31 9 24 7 14 1 26 29 13 32 35 6 25 3 23 30 4 10 11 15 5 8 19 20 2 36 17 28 12 18 34
28 18 12 36 34 17 29 13 35 25 32 6 5 8 15 20 19 2 16 21 33 22 27 31 30 11 23 3 4 10 24 9 1 26 7 14
15 20 19 8 2 5 31 21 22 27 33 16 17 36 28 18 12 34 6 13 32 35 25 29 1 9 24 26 7 14 23 11 30 3 4 10
1 7 26 24 14 9 5 8 20 2 15 19 11 23 30 4 3 10 12 36 28 18 34 17 33 31 21 16 22 27 13 29 32 6 35 25
9 13 32 25 6 35 4 10 23 3 5 30 22 27 11 21 33 16 1 14 17 24 26 7 31 18 34 28 36 12 2 20 29 15 8 19
29 8 15 2 19 20 22 27 21 16 11 33 18 34 31 36 28 12 32 25 9 13 6 35 17 7 14 1 24 26 10 4 5 30 23 3
11 21 33 27 16 22 7 14 24 26 17 1 35 25 9 13 32 6 30 10 5 23 3 4 29 20 2 15 8 19 34 18 31 28 36 12
17 24 1 14 26 7 20 2 8 19 29 15 4 10 5 23 30 3 28 34 31 36 12 18 11 22 27 33 21 16 25 35 9 32 13 6
31 36 28 34 12 18 35 25 13 6 9 32 20 2 29 8 15 19 33 27 11 21 16 22 5 4 10 30 23 3 14 7 17 1 24 26
5 23 30 10 3 4 18 34 36 12 31 28 7 14 17 24 1 26 15 2 29 8 19 20 9 35 25 32 13 6 27 22 11 33 21 16
22 34 31 12 28 36 13 6 25 32 7 9 8 19 35 2 29 15 11 16 4 27 33 21 20 23 3 5 10 30 26 24 18 17 14 1
20 10 5 3 30 23 36 12 34 28 22 31 24 26 18 14 17 1 29 19 35 2 15 8 7 13 6 9 25 32 16 21 4 11 27 33
7 25 9 6 32 13 23 3 10 30 20 5 21 16 4 27 11 33 17 26 18 14 1 24 22 36 12 31 34 28 19 8 35 29 2 15
35 2 29 19 15 8 21 16 27 33 4 11 36 12 22 34 31 28 9 6 7 25 32 13 18 24 26 17 14 1 3 23 20 5 10 30
4 27 11 16 33 21 24 26 14 1 18 17 13 6 7 25 9 32 5 3 20 10 30 23 35 8 19 29 2 15 12 36 22 31 34 28
18 14 17 26 1 24 8 19 2 15 35 29 23 3 20 10 5 30 31 12 22 34 28 36 4 21 16 11 27 33 6 13 7 9 25 32
24 6 7 32 9 25 10 30 3 5 8 20 27 33 23 16 4 11 18 1 36 26 17 14 21 34 28 22 12 31 15 2 13 35 19 29
13 19 35 15 29 2 27 33 16 11 23 4 34 28 21 12 22 31 7 32 24 6 9 25 36 14 1 18 26 17 30 10 8 20 3 5
23 16 4 33 11 27 14 1 26 17 36 18 25 32 24 6 7 9 20 30 8 3 5 10 13 2 15 35 19 29 28 34 21 22 12 31
36 26 18 1 17 14 2 15 19 29 13 35 10 30 8 3 20 5 22 28 21 12 31 34 23 27 33 4 16 11 32 25 24 7 6 9
21 12 22 28 31 34 25 32 6 9 24 7 2 15 13 19 35 29 4 33 23 16 11 27 8 10 30 20 3 5 1 14 36 18 26 17
8 3 20 30 5 10 34 28 12 31 21 22 14 1 36 26 18 17 35 15 13 19 29 2 24 25 32 7 6 9 33 27 23 4 16 11
6 29 25 35 13 15 33 4 11 23 3 10 28 22 16 31 27 21 14 7 26 9 24 32 12 1 18 34 17 36 20 30 19 2 5 8
16 31 27 22 21 28 32 7 9 24 26 14 15 35 6 29 25 13 10 4 3 11 23 33 19 30 20 2 5 8 18 1 12 34 17 36
3 11 10 4 23 33 1 18 17 36 12 34 32 7 26 9 14 24 2 20 19 5 8 30 6 15 35 25 29 13 22 28 16 27 31 21
19 5 2 20 8 30 28 22 31 21 16 27 1 18 12 17 34 36 25 35 6 29 13 15 26 32 7 14 9 24 4 33 3 10 11 23
12 17 34 18 36 1 15 35 29 13 6 25 30 20 19 5 2 8 27 22 16 31 21 28 3 33 4 10 11 23 7 32 26 14 9 24
26 9 14 7 24 32 30 20 5 8 19 2 33 4 3 11 10 23 34 18 12 17 36 1 16 28 22 27 31 21 35 15 6 25 29 13
