SIZE 25
SOLVE_TIME_SEC 0.007322
METHOD Optimized_Backtracking
STATUS SOLVED
SOLUTION
16 14 23 25 11 8 13 12 5 22 10 1 2 9 4 21 18 24 20 15 19 3 7 6 17
20 18 15 24 21 2 1 9 10 4 17 7 3 6 19 8 12 13 22 5 16 11 25 14 23
4 9 10 1 2 11 25 14 23 16 15 24 21 18 20 3 6 7 19 17 22 8 13 12 5
22 12 5 13 8 3 7 6 17 19 23 25 11 14 16 2 9 1 4 10 20 21 24 18 15
19 6 17 7 3 21 24 18 15 20 5 13 8 12 22 11 14 25 16 23 4 2 1 9 10
2 17 1 4 9 14 16 15 25 11 24 20 18 5 21 6 23 19 3 7 8 12 22 10 13
21 5 24 20 18 9 4 17 1 2 7 19 6 23 3 12 10 22 8 13 11 14 16 15 25
8 10 13 22 12 6 19 23 7 3 25 16 14 15 11 9 17 4 2 1 21 18 20 5 24
3 23 7 19 6 18 20 5 24 21 13 22 12 10 8 14 15 16 11 25 2 9 4 17 1
11 15 25 16 14 12 22 10 13 8 1 4 9 17 2 18 5 20 21 24 3 6 19 23 7
17 19 2 9 7 24 12 20 11 15 21 18 13 22 5 25 16 6 23 3 10 1 14 4 8
23 16 3 6 25 13 18 22 21 5 8 12 1 4 10 24 20 14 15 11 17 7 9 19 2
10 4 8 12 1 25 6 16 3 23 11 14 24 20 15 7 19 9 17 2 5 13 18 22 21
5 22 21 14 13 7 9 19 2 17 3 6 25 16 23 1 4 18 10 8 15 24 12 20 11
15 20 11 18 24 1 14 4 8 10 2 9 7 19 17 13 22 12 5 21 23 25 6 16 3
6 25 19 3 23 5 21 13 20 18 22 8 10 1 12 15 24 11 14 16 9 17 2 7 4
9 7 4 2 17 15 11 24 16 14 20 21 5 13 18 23 25 3 6 19 12 10 8 1 22
18 13 20 21 5 17 2 7 4 9 19 3 23 25 6 10 1 8 12 22 14 15 11 24 16
14 24 16 11 15 10 8 1 22 12 4 2 17 7 9 5 13 21 18 20 6 23 3 25 19
12 1 22 8 10 23 3 25 19 6 16 11 15 24 14 17 7 2 9 4 18 5 21 13 20
24 21 14 15 20 4 10 2 12 1 9 17 19 3 7 22 8 5 13 18 25 16 23 11 6
7 3 9 17 19 20 15 21 14 24 18 5 22 8 13 16 11 23 25 6 1 4 10 2 12
1 2 12 10 4 16 23 11 6 25 14 15 20 21 24 19 3 17 7 9 13 22 5 8 18
13 8 18 5 22 19 17 3 9 7 6 23 16 11 25 4 2 10 1 12 24 20 15 21 14
25 11 6 23 16 22 5 8 18 13 12 10 4 2 1 20 21 15 24 14 7 19 17 3 9
