SIZE 36
SOLVE_TIME_SEC 0.009041
METHOD Optimized_Backtracking
STATUS SOLVED
SOLUTION
30 15 25 29 27 17 33 26 22 8 35 20 18 36 2 6 10 16 7 4 5 14 11 3 31 24 28 13 19 21 1 9 12 34 32 23
1 12 34 23 32 9 13 24 19 21 28 31 7 14 4 11 3 5 18 2 16 36 6 10 20 26 35 33 22 8 30 17 15 25 27 29
28 13 21 24 19 31 18 36 10 16 6 2 15 29 17 30 27 25 12 9 34 23 1 32 4 14 11 7 3 5 35 20 33 8 22 26
6 18 16 36 10 2 12 23 32 34 1 9 33 26 20 35 22 8 13 31 21 24 28 19 17 29 30 15 27 25 11 4 7 5 3 14
11 7 5 14 3 4 15 29 27 25 30 17 13 24 31 28 19 21 33 20 8 26 35 22 9 23 1 12 32 34 6 2 18 16 10 36
35 33 8 26 22 20 7 14 3 5 11 4 12 23 9 1 32 34 15 17 25 29 30 27 2 36 6 18 10 16 28 31 13 21 19 24
4 1 32 5 23 12 28 25 24 19 17 13 11 21 7 31 14 3 6 18 10 8 20 36 33 34 9 35 26 22 2 15 30 27 29 16
17 28 19 25 24 13 6 8 36 10 20 18 30 16 15 2 29 27 1 12 32 5 4 23 7 21 31 11 14 3 9 33 35 22 26 34
9 35 22 34 26 33 11 21 14 3 31 7 1 5 12 4 23 32 30 15 27 16 2 29 18 8 20 6 36 10 17 13 28 19 24 25
31 11 3 21 14 7 30 16 29 27 2 15 28 8 13 17 24 19 35 33 22 34 9 26 12 25 4 1 23 32 20 18 6 10 36 5
20 6 10 8 36 18 1 5 23 32 4 12 35 34 33 9 26 22 28 13 19 25 17 24 15 16 2 30 29 27 31 7 11 3 14 21
2 30 27 16 29 15 35 34 26 22 9 33 6 25 18 20 36 10 11 7 3 21 31 14 13 5 17 28 24 19 4 12 1 32 23 8
18 2 29 10 16 30 9 32 34 26 12 35 20 22 6 33 8 36 31 11 14 19 13 21 28 27 15 17 25 24 7 1 4 23 5 3
12 9 26 32 34 35 31 19 21 14 13 11 4 3 1 7 5 23 2 30 29 10 18 16 6 22 33 20 8 36 15 28 17 24 25 27
33 20 36 22 8 6 4 3 5 23 7 1 9 32 35 12 34 26 17 28 24 27 15 25 30 10 18 2 16 29 13 11 31 14 21 19
7 4 23 3 5 1 17 27 25 24 15 28 31 19 11 13 21 14 20 6 36 22 33 8 35 32 12 9 34 26 18 30 2 29 16 10
15 17 24 27 25 28 20 22 8 36 33 6 2 10 30 18 16 29 4 1 23 3 7 5 11 19 13 31 21 14 12 35 9 26 34 32
13 31 14 19 21 11 2 10 16 29 18 30 17 27 28 15 25 24 9 35 26 32 12 34 1 3 7 4 5 23 33 6 20 36 8 22
23 32 35 12 9 34 19 13 31 11 24 21 3 7 5 14 4 1 10 16 30 18 36 2 8 33 26 22 20 6 29 25 27 28 17 15
36 10 30 18 2 16 32 12 9 35 23 34 22 33 8 26 20 6 19 21 11 13 24 31 25 15 29 27 17 28 14 5 3 1 4 7
24 19 11 13 31 21 10 18 2 30 36 16 27 15 25 29 17 28 32 34 35 12 23 9 5 7 14 3 4 1 26 8 22 6 20 33
14 3 1 7 4 5 27 15 17 28 29 25 19 13 21 24 31 11 22 8 6 33 26 20 34 12 23 32 9 35 36 16 10 30 2 18
26 22 6 33 20 8 3 7 4 1 14 5 32 12 34 23 9 35 27 25 28 15 29 17 16 18 36 10 2 30 24 21 19 11 31 13
29 27 28 15 17 25 22 33 20 6 26 8 10 18 16 36 2 30 3 5 1 7 14 4 21 13 24 19 31 11 23 34 32 35 9 12
32 34 33 9 35 26 21 31 11 7 19 14 5 4 23 3 1 12 16 29 15 2 10 30 36 20 22 8 6 18 27 24 25 13 28 17
10 16 15 2 30 29 34 9 35 33 32 26 8 20 36 22 6 18 21 14 7 31 19 11 24 17 27 25 28 13 3 23 5 12 1 4
19 21 7 31 11 14 16 2 30 15 10 29 25 17 24 27 28 13 34 26 33 9 32 35 23 4 3 5 1 12 22 36 8 18 6 20
3 5 12 4 1 23 25 17 28 13 27 24 21 31 14 19 11 7 8 36 18 20 22 6 26 9 32 34 35 33 10 29 16 15 30 2
22 8 18 20 6 36 5 4 1 12 3 23 34 9 26 32 35 33 25 24 13 17 27 28 29 2 10 16 30 15 19 14 21 7 11 31
27 25 13 17 28 24 8 20 6 18 22 36 16 2 29 10 30 15 5 23 12 4 3 1 14 31 19 21 11 7 32 26 34 33 35 9
21 14 4 11 7 3 29 30 15 17 16 27 24 28 19 25 13 31 26 22 20 35 34 33 32 1 5 23 12 9 8 10 36 2 18 6
34 26 20 35 33 22 14 11 7 4 21 3 23 1 32 5 12 9 29 27 17 30 16 15 10 6 8 36 18 2 25 19 24 31 13 28
16 29 17 30 15 27 26 35 33 20 34 22 36 6 10 8 18 2 14 3 4 11 21 7 19 28 25 24 13 31 5 32 23 9 12 1
25 24 31 28 13 19 36 6 18 2 8 10 29 30 27 16 15 17 23 32 9 1 5 12 3 11 21 14 7 4 34 22 26 20 33 35
8 36 2 6 18 10 23 1 12 9 5 32 26 35 22 34 33 20 24 19 31 28 25 13 27 30 16 29 15 17 21 3 14 4 7 11
5 23 9 1 12 32 24 28 13 31 25 19 14 11 3 21 7 4 36 10 2 6 8 18 22 35 34 26 33 20 16 27 29 17 15 30
