SIZE 36
PUZZLE
27 16 19 0 6 8 11 1 4 32 33 13 23 34 0 17 29 35 0 18 5 31 2 0 0 12 0 0 0 10 21 3 0 24 25 20
4 32 1 13 0 11 35 0 22 17 29 34 19 9 27 16 6 8 10 15 14 36 12 0 20 0 24 0 3 21 0 18 31 26 2 0
0 17 23 34 29 0 8 19 27 16 0 0 1 13 4 32 33 11 21 3 0 30 25 0 5 2 26 0 18 7 10 0 0 28 12 0
36 14 15 28 12 10 21 0 0 20 0 24 18 0 0 5 0 7 8 19 16 27 6 9 32 33 13 4 0 0 35 23 0 0 29 17
0 20 3 24 0 21 7 0 31 5 2 26 0 28 36 14 12 10 0 0 32 4 0 13 17 29 34 22 23 0 8 0 0 9 0 16
31 5 18 26 0 7 10 15 0 14 12 28 3 24 30 20 0 21 35 23 17 0 0 34 0 6 0 27 19 8 11 0 4 13 33 32
6 0 28 0 14 0 3 24 33 30 20 11 26 35 29 31 5 18 19 9 27 2 16 7 4 32 10 12 13 0 0 34 25 21 17 22
0 30 0 11 20 3 18 26 29 31 5 35 28 0 6 0 14 15 0 0 4 12 32 10 22 17 0 0 34 23 19 9 2 7 16 27
2 27 9 7 16 19 1 13 0 4 0 10 0 21 25 22 0 23 18 26 0 29 5 35 36 14 8 6 28 0 0 24 0 11 20 30
29 31 0 35 5 18 15 28 6 36 14 0 0 11 33 0 0 3 0 0 22 25 17 21 0 0 7 2 9 19 0 13 0 0 32 4
25 22 34 21 0 23 19 9 2 27 16 0 13 10 12 4 0 1 3 24 30 33 20 0 31 5 35 29 26 18 0 0 0 8 14 0
12 4 13 0 32 1 0 0 25 22 17 21 0 7 2 0 16 0 15 28 36 6 14 8 30 20 0 33 0 3 0 26 29 35 0 31
0 11 30 33 24 20 5 31 23 35 26 29 36 6 0 8 28 14 32 4 10 15 13 12 21 34 0 3 22 17 16 0 0 2 0 7
15 0 4 12 13 32 17 22 3 21 34 0 27 2 0 0 0 16 14 0 8 19 0 6 11 24 33 1 30 20 5 31 23 29 26 35
23 35 0 29 26 5 14 36 19 8 28 0 30 33 1 0 0 0 0 0 21 3 0 0 7 9 2 18 27 16 32 4 15 12 0 10
18 7 27 2 0 0 32 4 15 10 13 12 22 25 3 21 34 17 5 31 35 0 26 29 8 28 6 19 0 14 20 0 1 33 24 11
3 21 0 25 34 17 16 27 18 7 9 2 4 0 0 10 13 32 20 30 11 1 24 33 0 0 29 23 31 5 14 36 19 6 28 8
19 8 36 6 0 14 20 0 1 11 24 33 31 0 23 35 26 5 16 27 0 18 9 2 10 13 12 15 4 32 0 22 3 25 0 0
35 26 5 31 18 0 12 14 8 28 0 36 20 0 11 24 3 25 29 17 34 21 0 22 9 19 27 7 16 6 33 32 10 0 1 13
10 13 32 4 1 33 29 17 21 34 23 22 0 27 7 9 19 6 12 14 28 8 15 36 24 3 0 11 20 25 0 5 35 0 18 26
21 34 17 0 23 0 6 16 0 9 0 27 32 4 0 13 1 33 0 20 24 11 3 30 26 18 0 35 5 2 12 14 8 36 15 28
8 0 14 36 15 12 0 20 11 0 3 30 5 31 0 26 18 2 6 16 9 7 19 27 13 1 4 10 0 33 29 17 21 22 0 34
11 24 20 30 3 25 0 5 0 26 18 31 14 36 8 28 0 12 33 32 13 10 1 4 34 23 22 21 0 29 6 16 7 27 19 9
7 9 16 27 19 6 33 32 0 13 1 4 17 0 21 0 0 29 2 5 26 35 18 31 28 15 36 8 14 12 0 20 0 30 3 24
26 18 2 5 7 0 4 12 28 15 10 14 25 20 24 3 21 22 0 29 23 34 35 0 19 8 0 9 6 36 30 33 13 0 0 1
0 0 6 16 8 36 30 33 13 1 11 32 29 17 34 23 35 31 27 2 18 26 7 5 15 10 14 28 12 4 22 25 24 20 21 3
13 1 33 0 11 30 31 29 0 23 0 17 6 16 9 0 8 36 4 12 15 28 10 14 3 21 20 24 25 22 27 2 26 5 7 0
24 3 25 20 21 0 27 0 26 18 7 5 0 0 0 15 10 4 30 33 1 13 11 32 23 35 0 34 29 31 36 0 9 0 8 0
0 23 29 17 35 0 36 6 9 0 8 16 33 32 13 1 11 30 22 25 3 0 0 20 18 7 5 26 0 27 4 0 0 14 10 15
28 15 12 0 10 4 22 25 0 3 21 20 2 0 26 0 7 27 36 6 19 9 8 16 1 11 0 13 33 30 31 29 34 0 0 23
16 6 8 19 36 28 24 11 32 33 30 1 35 0 17 29 0 0 9 7 2 5 27 18 0 4 0 0 0 0 0 21 20 3 22 25
17 29 35 23 31 26 28 8 0 6 36 19 11 1 32 33 0 24 34 0 25 0 22 0 0 27 18 5 7 9 13 10 14 15 4 12
14 12 10 15 4 13 34 21 0 25 22 3 7 18 5 0 27 9 28 8 6 16 36 19 33 30 0 32 11 0 0 35 17 0 31 29
5 2 7 0 27 9 13 10 14 12 4 15 0 3 20 0 22 34 26 35 29 17 31 23 6 36 0 16 8 28 24 11 32 1 30 33
32 33 11 1 30 0 26 35 0 29 0 23 8 19 16 6 36 28 13 10 12 0 4 15 25 22 3 0 21 34 9 0 5 18 27 2
20 25 21 0 22 34 9 0 0 2 27 18 10 15 14 0 0 0 24 11 33 32 30 1 29 31 23 17 35 26 0 0 0 19 36 6
SOLUTION
27 16 19 9 6 8 11 1 4 32 33 13 23 34 22 17 29 35 7 18 5 31 2 26 14 12 28 36 15 10 21 3 30 24 25 20
4 32 1 13 33 11 35 23 22 17 29 34 19 9 27 16 6 8 10 15 14 36 12 28 20 25 24 30 3 21 7 18 31 26 2 5
22 17 23 34 29 35 8 19 27 16 6 9 1 13 4 32 33 11 21 3 20 30 25 24 5 2 26 31 18 7 10 15 36 28 12 14
36 14 15 28 12 10 21 3 30 20 25 24 18 26 31 5 2 7 8 19 16 27 6 9 32 33 13 4 1 11 35 23 22 34 29 17
30 20 3 24 25 21 7 18 31 5 2 26 15 28 36 14 12 10 11 1 32 4 33 13 17 29 34 22 23 35 8 19 27 9 6 16
31 5 18 26 2 7 10 15 36 14 12 28 3 24 30 20 25 21 35 23 17 22 29 34 16 6 9 27 19 8 11 1 4 13 33 32
6 36 28 8 14 15 3 24 33 30 20 11 26 35 29 31 5 18 19 9 27 2 16 7 4 32 10 12 13 1 23 34 25 21 17 22
33 30 24 11 20 3 18 26 29 31 5 35 28 8 6 36 14 15 1 13 4 12 32 10 22 17 21 25 34 23 19 9 2 7 16 27
2 27 9 7 16 19 1 13 12 4 32 10 34 21 25 22 17 23 18 26 31 29 5 35 36 14 8 6 28 15 3 24 33 11 20 30
29 31 26 35 5 18 15 28 6 36 14 8 24 11 33 30 20 3 23 34 22 25 17 21 27 16 7 2 9 19 1 13 12 10 32 4
25 22 34 21 17 23 19 9 2 27 16 7 13 10 12 4 32 1 3 24 30 33 20 11 31 5 35 29 26 18 15 28 6 8 14 36
12 4 13 10 32 1 23 34 25 22 17 21 9 7 2 27 16 19 15 28 36 6 14 8 30 20 11 33 24 3 18 26 29 35 5 31
1 11 30 33 24 20 5 31 23 35 26 29 36 6 19 8 28 14 32 4 10 15 13 12 21 34 25 3 22 17 16 27 18 2 9 7
15 10 4 12 13 32 17 22 3 21 34 25 27 2 18 7 9 16 14 36 8 19 28 6 11 24 33 1 30 20 5 31 23 29 26 35
23 35 31 29 26 5 14 36 19 8 28 6 30 33 1 11 24 20 17 22 21 3 34 25 7 9 2 18 27 16 32 4 15 12 13 10
18 7 27 2 9 16 32 4 15 10 13 12 22 25 3 21 34 17 5 31 35 23 26 29 8 28 6 19 36 14 20 30 1 33 24 11
3 21 22 25 34 17 16 27 18 7 9 2 4 12 15 10 13 32 20 30 11 1 24 33 35 26 29 23 31 5 14 36 19 6 28 8
19 8 36 6 28 14 20 30 1 11 24 33 31 29 23 35 26 5 16 27 7 18 9 2 10 13 12 15 4 32 17 22 3 25 34 21
35 26 5 31 18 2 12 14 8 28 15 36 20 30 11 24 3 25 29 17 34 21 23 22 9 19 27 7 16 6 33 32 10 4 1 13
10 13 32 4 1 33 29 17 21 34 23 22 16 27 7 9 19 6 12 14 28 8 15 36 24 3 30 11 20 25 2 5 35 31 18 26
21 34 17 22 23 29 6 16 7 9 19 27 32 4 10 13 1 33 25 20 24 11 3 30 26 18 31 35 5 2 12 14 8 36 15 28
8 28 14 36 15 12 25 20 11 24 3 30 5 31 35 26 18 2 6 16 9 7 19 27 13 1 4 10 32 33 29 17 21 22 23 34
11 24 20 30 3 25 2 5 35 26 18 31 14 36 8 28 15 12 33 32 13 10 1 4 34 23 22 21 17 29 6 16 7 27 19 9
7 9 16 27 19 6 33 32 10 13 1 4 17 22 21 34 23 29 2 5 26 35 18 31 28 15 36 8 14 12 25 20 11 30 3 24
26 18 2 5 7 27 4 12 28 15 10 14 25 20 24 3 21 22 31 29 23 34 35 17 19 8 16 9 6 36 30 33 13 32 11 1
9 19 6 16 8 36 30 33 13 1 11 32 29 17 34 23 35 31 27 2 18 26 7 5 15 10 14 28 12 4 22 25 24 20 21 3
13 1 33 32 11 30 31 29 34 23 35 17 6 16 9 19 8 36 4 12 15 28 10 14 3 21 20 24 25 22 27 2 26 5 7 18
24 3 25 20 21 22 27 2 26 18 7 5 12 14 28 15 10 4 30 33 1 13 11 32 23 35 17 34 29 31 36 6 9 16 8 19
34 23 29 17 35 31 36 6 9 19 8 16 33 32 13 1 11 30 22 25 3 24 21 20 18 7 5 26 2 27 4 12 28 14 10 15
28 15 12 14 10 4 22 25 24 3 21 20 2 5 26 18 7 27 36 6 19 9 8 16 1 11 32 13 33 30 31 29 34 17 35 23
16 6 8 19 36 28 24 11 32 33 30 1 35 23 17 29 31 26 9 7 2 5 27 18 12 4 15 14 10 13 34 21 20 3 22 25
17 29 35 23 31 26 28 8 16 6 36 19 11 1 32 33 30 24 34 21 25 20 22 3 2 27 18 5 7 9 13 10 14 15 4 12
14 12 10 15 4 13 34 21 20 25 22 3 7 18 5 2 27 9 28 8 6 16 36 19 33 30 1 32 11 24 26 35 17 23 31 29
5 2 7 18 27 9 13 10 14 12 4 15 21 3 20 25 22 34 26 35 29 17 31 23 6 36 19 16 8 28 24 11 32 1 30 33
32 33 11 1 30 24 26 35 17 29 31 23 8 19 16 6 36 28 13 10 12 14 4 15 25 22 3 20 21 34 9 7 5 18 27 2
20 25 21 3 22 34 9 7 5 2 27 18 10 15 14 12 4 13 24 11 33 32 30 1 29 31 23 17 35 26 28 8 16 19 36 6
