SIZE 16
PUZZLE
2 10 0 8 9 15 1 0 14 0 16 7 3 0 13 0
14 7 0 16 13 6 3 0 0 4 8 10 1 11 9 15
15 11 9 0 5 14 16 7 6 0 0 12 8 10 4 2
6 0 0 3 4 2 0 10 0 9 1 0 16 7 5 14
7 1 14 0 6 12 0 16 10 2 4 3 0 8 15 11
11 8 15 9 0 7 0 1 12 6 13 0 4 3 2 10
12 16 6 13 2 0 0 3 11 15 0 8 5 1 14 0
10 0 2 0 15 11 9 8 7 14 5 1 13 16 0 12
8 4 11 15 0 0 14 9 0 12 6 5 2 13 10 3
3 13 10 2 11 8 15 4 1 7 14 0 6 0 0 16
1 9 7 14 12 16 6 5 3 10 2 13 15 4 0 8
16 5 12 0 10 3 2 13 8 11 15 4 14 9 7 1
0 2 8 11 1 9 7 15 5 0 12 14 10 6 3 13
9 15 1 7 0 0 12 14 13 0 0 6 11 2 0 4
13 0 3 10 0 0 0 2 9 1 7 0 12 0 0 5
5 14 0 12 3 13 0 6 0 8 11 0 7 15 1 9
SOLUTION
2 10 4 8 9 15 1 11 14 5 16 7 3 12 13 6
14 7 5 16 13 6 3 12 2 4 8 10 1 11 9 15
15 11 9 1 5 14 16 7 6 13 3 12 8 10 4 2
6 12 13 3 4 2 8 10 15 9 1 11 16 7 5 14
7 1 14 5 6 12 13 16 10 2 4 3 9 8 15 11
11 8 15 9 14 7 5 1 12 6 13 16 4 3 2 10
12 16 6 13 2 10 4 3 11 15 9 8 5 1 14 7
10 3 2 4 15 11 9 8 7 14 5 1 13 16 6 12
8 4 11 15 7 1 14 9 16 12 6 5 2 13 10 3
3 13 10 2 11 8 15 4 1 7 14 9 6 5 12 16
1 9 7 14 12 16 6 5 3 10 2 13 15 4 11 8
16 5 12 6 10 3 2 13 8 11 15 4 14 9 7 1
4 2 8 11 1 9 7 15 5 16 12 14 10 6 3 13
9 15 1 7 16 5 12 14 13 3 10 6 11 2 8 4
13 6 3 10 8 4 11 2 9 1 7 15 12 14 16 5
5 14 16 12 3 13 10 6 4 8 11 2 7 15 1 9
