SIZE 25
PUZZLE
15 14 7 12 0 0 4 9 13 0 25 24 0 0 19 6 0 11 5 0 0 0 23 8 21
19 24 25 17 18 15 14 12 0 7 5 11 0 6 22 21 23 0 10 0 16 0 9 4 13
0 11 5 3 0 0 24 0 18 25 0 8 23 21 2 13 0 0 16 0 7 15 0 14 1
0 8 10 0 21 22 0 3 6 5 16 4 9 13 20 0 0 0 7 15 0 0 17 24 0
20 0 0 0 13 2 0 23 0 10 7 14 12 1 0 18 0 0 0 19 5 22 3 11 6
12 1 15 0 0 9 0 4 5 20 19 18 24 16 0 7 0 6 22 0 2 23 0 0 0
17 18 19 24 16 0 0 14 0 15 22 6 11 7 0 0 8 21 0 0 0 9 4 13 5
3 6 22 11 7 17 18 0 16 19 2 21 8 25 0 5 4 0 20 0 15 12 0 1 10
9 0 0 4 0 0 21 8 25 2 15 1 14 10 12 16 24 18 19 17 22 3 0 0 0
23 21 0 0 0 3 6 11 0 0 0 13 0 5 9 10 14 0 15 12 0 0 0 0 16
13 0 4 0 3 21 0 0 17 8 14 0 0 23 1 9 0 0 0 0 11 6 7 0 0
21 19 8 25 17 6 15 7 0 0 0 22 0 3 13 0 0 2 14 1 24 18 16 0 9
1 2 14 10 0 0 0 0 0 4 0 20 0 0 18 12 7 0 11 0 8 21 25 19 17
18 20 24 0 9 1 0 10 0 0 0 15 0 12 0 0 25 19 8 21 4 13 5 22 3
6 15 0 0 12 0 20 0 0 24 8 19 25 17 0 0 0 0 4 13 0 1 10 2 23
10 0 1 0 8 0 3 22 0 0 18 9 20 4 16 0 0 0 0 0 21 25 0 0 0
5 3 0 22 11 25 0 19 0 21 1 0 0 8 10 0 20 0 18 0 6 7 15 12 0
16 9 18 0 4 0 0 0 8 1 6 12 15 14 0 24 0 17 21 0 13 0 22 3 0
7 12 6 15 14 0 0 20 4 18 21 0 19 24 25 11 0 3 13 5 0 10 2 0 0
0 0 21 0 0 0 12 15 14 6 0 3 22 11 0 8 2 0 1 10 18 0 20 9 4
8 25 0 0 19 11 7 0 15 3 0 5 0 22 0 2 1 10 12 14 17 24 18 16 0
24 16 17 0 20 14 0 1 2 0 0 7 0 0 11 19 21 25 23 0 9 4 13 0 0
14 10 12 1 0 0 5 0 22 9 17 16 0 0 24 15 6 7 3 11 23 8 0 25 19
4 0 0 13 22 8 0 21 0 23 12 10 1 2 0 20 18 16 17 24 3 11 6 0 15
0 0 3 0 0 24 16 18 20 0 23 25 21 19 0 0 13 0 9 4 12 14 0 10 0
SOLUTION
15 14 7 12 1 20 4 9 13 16 25 24 17 18 19 6 3 11 5 22 10 2 23 8 21
19 24 25 17 18 15 14 12 1 7 5 11 3 6 22 21 23 8 10 2 16 20 9 4 13
22 11 5 3 6 19 24 17 18 25 10 8 23 21 2 13 9 4 16 20 7 15 12 14 1
2 8 10 23 21 22 11 3 6 5 16 4 9 13 20 1 12 14 7 15 25 19 17 24 18
20 4 16 9 13 2 8 23 21 10 7 14 12 1 15 18 17 24 25 19 5 22 3 11 6
12 1 15 14 10 9 13 4 5 20 19 18 24 16 17 7 11 6 22 3 2 23 8 21 25
17 18 19 24 16 12 1 14 10 15 22 6 11 7 3 25 8 21 2 23 20 9 4 13 5
3 6 22 11 7 17 18 24 16 19 2 21 8 25 23 5 4 13 20 9 15 12 14 1 10
9 13 20 4 5 23 21 8 25 2 15 1 14 10 12 16 24 18 19 17 22 3 11 6 7
23 21 2 8 25 3 6 11 7 22 20 13 4 5 9 10 14 1 15 12 19 17 24 18 16
13 22 4 5 3 21 19 25 17 8 14 2 10 23 1 9 16 20 24 18 11 6 7 15 12
21 19 8 25 17 6 15 7 12 11 4 22 5 3 13 23 10 2 14 1 24 18 16 20 9
1 2 14 10 23 13 22 5 3 4 24 20 16 9 18 12 7 15 11 6 8 21 25 19 17
18 20 24 16 9 1 2 10 23 14 11 15 7 12 6 17 25 19 8 21 4 13 5 22 3
6 15 11 7 12 18 20 16 9 24 8 19 25 17 21 3 5 22 4 13 14 1 10 2 23
10 23 1 2 8 5 3 22 11 13 18 9 20 4 16 14 15 12 6 7 21 25 19 17 24
5 3 13 22 11 25 17 19 24 21 1 23 2 8 10 4 20 9 18 16 6 7 15 12 14
16 9 18 20 4 10 23 2 8 1 6 12 15 14 7 24 19 17 21 25 13 5 22 3 11
7 12 6 15 14 16 9 20 4 18 21 17 19 24 25 11 22 3 13 5 1 10 2 23 8
25 17 21 19 24 7 12 15 14 6 13 3 22 11 5 8 2 23 1 10 18 16 20 9 4
8 25 23 21 19 11 7 6 15 3 9 5 13 22 4 2 1 10 12 14 17 24 18 16 20
24 16 17 18 20 14 10 1 2 12 3 7 6 15 11 19 21 25 23 8 9 4 13 5 22
14 10 12 1 2 4 5 13 22 9 17 16 18 20 24 15 6 7 3 11 23 8 21 25 19
4 5 9 13 22 8 25 21 19 23 12 10 1 2 14 20 18 16 17 24 3 11 6 7 15
11 7 3 6 15 24 16 18 20 17 23 25 21 19 8 22 13 5 9 4 12 14 1 10 2
