SIZE 25
PUZZLE
0 0 23 0 11 8 13 0 0 22 10 0 0 0 4 21 0 24 20 0 0 0 7 6 17
20 18 15 0 0 2 0 9 0 4 17 7 3 6 0 0 0 13 0 5 0 0 0 0 23
4 0 10 1 0 11 0 14 0 16 0 0 21 18 20 3 0 7 19 0 22 8 0 12 0
22 12 0 0 8 3 7 0 17 0 23 0 11 14 16 0 9 0 4 0 0 21 0 0 0
0 6 17 7 3 21 24 18 15 0 0 13 8 12 22 11 14 0 16 0 4 2 1 9 0
2 17 1 4 9 14 16 15 25 11 0 0 18 5 21 0 23 19 3 0 0 12 22 10 13
21 0 0 20 0 0 4 17 1 0 0 19 0 23 0 12 10 22 8 13 11 0 16 15 25
8 0 0 22 0 0 19 23 7 3 0 0 0 15 11 9 0 4 2 1 21 0 20 0 0
0 0 7 19 0 18 20 0 0 0 0 0 12 10 0 0 15 16 11 25 2 9 4 17 1
11 0 25 0 14 12 0 10 0 8 1 4 9 17 2 18 0 0 0 0 0 6 0 0 7
0 0 2 9 0 0 0 0 0 15 0 18 0 0 5 25 16 6 0 3 0 0 0 4 0
0 0 0 6 25 13 18 0 21 5 0 12 1 0 10 24 20 14 15 0 17 7 9 19 2
0 0 8 0 1 0 6 0 0 23 11 0 24 20 0 7 19 9 17 0 5 13 18 22 21
0 22 21 0 13 7 0 19 2 17 3 6 25 0 0 0 4 0 0 8 15 24 0 20 11
15 20 0 0 24 1 0 4 0 0 0 9 7 0 17 0 22 0 0 0 0 25 6 16 3
6 25 19 3 23 5 21 0 20 18 0 0 0 1 12 0 0 11 14 0 9 0 2 7 4
0 7 4 0 0 15 0 0 16 14 20 21 0 13 18 0 25 3 6 19 0 10 0 1 22
18 13 0 0 0 0 0 0 4 9 19 3 0 25 6 10 0 0 12 0 14 15 0 24 0
0 24 16 11 0 10 8 0 0 0 4 2 0 0 9 5 13 0 0 20 6 0 0 0 0
0 0 0 8 0 23 3 25 19 6 16 11 0 24 14 0 7 2 9 4 0 0 0 0 20
0 21 14 0 0 4 0 0 12 1 9 17 0 0 0 22 8 0 0 0 25 0 0 11 6
0 3 9 17 19 20 15 21 14 24 18 5 22 8 13 16 11 23 0 6 1 0 10 2 0
1 2 12 10 4 0 23 11 6 25 0 15 20 21 24 19 0 0 7 9 0 0 5 8 0
13 0 18 0 0 0 17 3 0 7 6 23 0 11 25 4 2 0 0 0 0 20 15 0 14
25 11 6 0 16 22 5 0 18 13 0 0 4 2 0 20 0 15 24 14 7 19 0 3 9
SOLUTION
16 14 23 25 11 8 13 12 5 22 10 1 2 9 4 21 18 24 20 15 19 3 7 6 17
20 18 15 24 21 2 1 9 10 4 17 7 3 6 19 8 12 13 22 5 16 11 25 14 23
4 9 10 1 2 11 25 14 23 16 15 24 21 18 20 3 6 7 19 17 22 8 13 12 5
22 12 5 13 8 3 7 6 17 19 23 25 11 14 16 2 9 1 4 10 20 21 24 18 15
19 6 17 7 3 21 24 18 15 20 5 13 8 12 22 11 14 25 16 23 4 2 1 9 10
2 17 1 4 9 14 16 15 25 11 24 20 18 5 21 6 23 19 3 7 8 12 22 10 13
21 5 24 20 18 9 4 17 1 2 7 19 6 23 3 12 10 22 8 13 11 14 16 15 25
8 10 13 22 12 6 19 23 7 3 25 16 14 15 11 9 17 4 2 1 21 18 20 5 24
3 23 7 19 6 18 20 5 24 21 13 22 12 10 8 14 15 16 11 25 2 9 4 17 1
11 15 25 16 14 12 22 10 13 8 1 4 9 17 2 18 5 20 21 24 3 6 19 23 7
17 19 2 9 7 24 14 20 11 15 21 18 13 22 5 25 16 6 23 3 10 1 12 4 8
23 16 3 6 25 13 18 22 21 5 8 12 1 4 10 24 20 14 15 11 17 7 9 19 2
10 4 8 12 1 25 6 16 3 23 11 14 24 20 15 7 19 9 17 2 5 13 18 22 21
5 22 21 18 13 7 9 19 2 17 3 6 25 16 23 1 4 12 10 8 15 24 14 20 11
15 20 11 14 24 1 12 4 8 10 2 9 7 19 17 13 22 18 5 21 23 25 6 16 3
6 25 19 3 23 5 21 13 20 18 22 8 10 1 12 15 24 11 14 16 9 17 2 7 4
9 7 4 2 17 15 11 24 16 14 20 21 5 13 18 23 25 3 6 19 12 10 8 1 22
18 13 20 21 5 17 2 7 4 9 19 3 23 25 6 10 1 8 12 22 14 15 11 24 16
14 24 16 11 15 10 8 1 22 12 4 2 17 7 9 5 13 21 18 20 6 23 3 25 19
12 1 22 8 10 23 3 25 19 6 16 11 15 24 14 17 7 2 9 4 18 5 21 13 20
24 21 14 15 20 4 10 2 12 1 9 17 19 3 7 22 8 5 13 18 25 16 23 11 6
7 3 9 17 19 20 15 21 14 24 18 5 22 8 13 16 11 23 25 6 1 4 10 2 12
1 2 12 10 4 16 23 11 6 25 14 15 20 21 24 19 3 17 7 9 13 22 5 8 18
13 8 18 5 22 19 17 3 9 7 6 23 16 11 25 4 2 10 1 12 24 20 15 21 14
25 11 6 23 16 22 5 8 18 13 12 10 4 2 1 20 21 15 24 14 7 19 17 3 9
