SIZE 16
PUZZLE
13 12 11 7 4 8 14 3 2 0 5 6 10 0 16 0
3 14 4 0 0 0 12 13 1 16 0 15 0 6 9 2
0 5 2 9 0 0 10 15 4 8 14 0 12 13 7 11
15 10 1 16 2 9 0 6 11 7 12 0 0 0 8 0
4 15 16 10 9 5 0 11 7 12 13 1 3 0 14 8
0 0 7 12 8 0 3 0 9 5 0 11 0 0 10 0
0 0 8 0 7 0 13 1 0 10 15 0 0 0 5 9
0 6 9 0 16 0 0 4 8 0 3 2 13 1 0 0
8 4 0 15 5 0 11 7 12 0 1 16 2 9 3 0
7 11 5 6 10 15 4 8 14 3 2 0 1 0 13 12
16 1 12 0 0 3 2 9 5 0 0 7 4 8 15 0
0 2 14 3 12 0 1 16 10 15 4 8 11 7 6 0
0 0 0 11 15 4 0 14 3 2 9 0 16 0 1 13
5 9 3 0 13 1 16 10 15 4 8 0 7 12 11 6
10 0 13 1 0 2 9 5 6 11 7 12 8 14 0 0
0 0 15 0 0 11 7 0 13 1 16 0 9 0 2 3
SOLUTION
13 12 11 7 4 8 14 3 2 9 5 6 10 15 16 1
3 14 4 8 11 7 12 13 1 16 10 15 5 6 9 2
6 5 2 9 1 16 10 15 4 8 14 3 12 13 7 11
15 10 1 16 2 9 5 6 11 7 12 13 14 3 8 4
4 15 16 10 9 5 6 11 7 12 13 1 3 2 14 8
1 13 7 12 8 14 3 2 9 5 6 11 15 4 10 16
2 3 8 14 7 12 13 1 16 10 15 4 6 11 5 9
11 6 9 5 16 10 15 4 8 14 3 2 13 1 12 7
8 4 10 15 5 6 11 7 12 13 1 16 2 9 3 14
7 11 5 6 10 15 4 8 14 3 2 9 1 16 13 12
16 1 12 13 14 3 2 9 5 6 11 7 4 8 15 10
9 2 14 3 12 13 1 16 10 15 4 8 11 7 6 5
12 7 6 11 15 4 8 14 3 2 9 5 16 10 1 13
5 9 3 2 13 1 16 10 15 4 8 14 7 12 11 6
10 16 13 1 3 2 9 5 6 11 7 12 8 14 4 15
14 8 15 4 6 11 7 12 13 1 16 10 9 5 2 3
