SIZE 16
PUZZLE
0 0 4 0 0 16 7 3 9 14 0 0 2 0 8 12
0 0 10 9 2 0 8 0 16 7 13 3 0 0 15 6
13 0 0 16 5 0 15 4 12 8 0 11 0 10 14 0
0 8 11 0 0 9 14 10 6 0 5 4 13 3 7 16
16 13 8 3 6 4 0 14 11 0 0 0 9 0 1 10
0 2 15 0 0 0 0 0 4 5 0 0 16 8 13 0
6 5 0 0 16 0 13 0 0 1 0 7 12 15 2 11
0 0 0 10 12 11 0 0 0 13 0 8 0 0 5 4
0 6 1 14 3 8 0 2 0 9 10 13 0 5 0 15
10 9 13 7 0 0 12 5 0 16 3 0 4 1 0 0
11 0 5 0 10 7 9 0 0 6 4 1 0 2 0 0
0 16 2 8 4 0 6 1 15 0 11 0 10 0 9 0
14 4 0 1 8 0 0 12 13 10 0 16 15 6 0 5
0 10 0 13 0 5 0 6 2 0 0 12 14 9 0 1
15 11 6 5 7 13 10 16 1 4 14 9 0 0 3 2
8 3 12 0 0 1 4 0 5 0 0 6 7 16 10 13
SOLUTION
5 15 4 6 13 16 7 3 9 14 1 10 2 11 8 12
1 14 10 9 2 12 8 11 16 7 13 3 5 4 15 6
13 7 3 16 5 6 15 4 12 8 2 11 1 10 14 9
2 8 11 12 1 9 14 10 6 15 5 4 13 3 7 16
16 13 8 3 6 4 5 14 11 2 12 15 9 7 1 10
12 2 15 11 9 10 1 7 4 5 6 14 16 8 13 3
6 5 14 4 16 3 13 8 10 1 9 7 12 15 2 11
9 1 7 10 12 11 2 15 3 13 16 8 6 14 5 4
4 6 1 14 3 8 16 2 7 9 10 13 11 5 12 15
10 9 13 7 11 15 12 5 8 16 3 2 4 1 6 14
11 12 5 15 10 7 9 13 14 6 4 1 3 2 16 8
3 16 2 8 4 14 6 1 15 12 11 5 10 13 9 7
14 4 9 1 8 2 3 12 13 10 7 16 15 6 11 5
7 10 16 13 15 5 11 6 2 3 8 12 14 9 4 1
15 11 6 5 7 13 10 16 1 4 14 9 8 12 3 2
8 3 12 2 14 1 4 9 5 11 15 6 7 16 10 13
